333333333333333333333333333333333333333333333333333333333333333333333333333333333333333333333333333333333333333333333333
322222222222222222222222222222222222222222222002222222222222222222222222222222222222222222222222220000333333333333333333
322222222222222222222222222222222222222222222222222222222222222222222222222222222222222222222222262000333333333333333333
322222222222222222222222222222222222222222222222222222222222222222222222222222222222222222222222222200333333333333333333
322222222222222222222222222222222222222222222222222222222222222222222222222222222222222222222222222200333333333333333333
322222222222222222222222222222222222222222222222222222222222222222222222222222222222222222222222222200333333333333333333
322222222222222222222222222222222222222222222222222222222222222222222222222222222222222222222222222200333333333333333333
322222222222222222222222222222222222222222222222222222222222222222222222222222222222222222222222222200333333333333333333
322222222222222222222222222222222222222222222222222222222222222222222222222222222222222222222222222200333333333333333333
322222222222222222222222222222222222222222222222222222222222222222222222222222222222222222222222222200333333333333333333
322222222222222222222222222222222222222222222222222222222222222222222222222222222222222222222222222200333333333333333333
322222222222222222222222222222222222222222222222222222222222222222222222222222222222222222222222222200333333333333333333
322222222222222222222222222222222222222222222222222222222222222222222222222222222222222222222222222200333333333333333333
322222222222222222222222222222222222222222222222222222222222222222222222222222222222222222222222222200333333333333333333
322222222222222222262222222222222222222222222222222222222222222222222222222222222222222222222222222200333333333333333333
322222222222222222222222222222222222222222222222222222222222222222222222222222222222222222222222222200333333333333333333
302222222222222222222222222222222222222222222062222222222222222222222222222222222222222222222222222200333333333333333333
302222222222222222222222222222222222222222220002222222222222222222222222222222222222222222222222222200333333333333333333
322222222222222222222222222222222222200000000000222222222222222222222222222222222222222222222222222200333333333333333333
322222222222222222222222222222222222220000000000022222222222222222222222222222222222222222222222222200333333333333333333
322222222222222222222222222222222222220000000000002222000000000000000000000000000222222222222222222200333333333333333333
322122222222222222222222222222222222220000000000000000000000000000000000000000000022222222222222222200333333333333333333
321112222222222222222222222222222222220000000500000000000000000000000000000000000002222222222222222000333333333333333333
311111222222222222222222222222222222200000000000000000000000000000000000000000000000222222222222222200333333333333333333
311111122222222222222222222222222222000000000000000000000000000000000000000000000000022222222222222200333333333333333333
311111112222222222222222222222222220000000000000000000000000000000000000000000000000022222222222222200333333333333333333
311111111222222222222222222222222200000000000000000000000000000000000000000000000000022222222222222200333333333333333333
311111111122222222222222222222222000000000000000000000000000000000000000000000000000022222222222222200333333333333333333
311111111200022222222222222222220000000000000000000000000000000000000000000000000000002222222222222000333333333333333333
333333333333333333333333333333333333333333333333333333333333333333333333333333333333333333333333333333333333333333333333
333333333333333333333333333333333333333333333333333333333333333333333333333333333333333333333333333333333333333333333333
333333333333333333333333333333333333333333333333333333333333333333333333333333333333333333333333333333333333333333333333
333333333333333333333333333333333333333333333333333333333333333333333333333333333333333333333333333333333333333333333333
333333333333333333333333333333333333333333333333333333333333333333333333333333333333333333333333333333333333333333333333
333333333333333333333333333333333333333333333333333333333333333333333333333333333333333333333333333333333333333333333333
333333333333333333333333333333333333333333333333333333333333333333333333333333333333333333333333333333333333333333333333
333333333333333333333333333333333333333333333333333333333333333333333333333333333333333333333333333333333333333333333333
333333333333333333333333333333333333333333333333333333333333333333333333333333333333333333333333333333333333333333333333
333333333333333333333333333333333333333333333333333333333333333333333333333333333333333333333333333333333333333333333333
333333333333333333333333333333333333333333333333333333333333333333333333333333333333333333333333333333333333333333333333
