333333333333333333333333333333333333333333333333333333333333333333333333333333333333333333333333333333333333333333333333
322222222222222222222222222222222222222222222222222222222222222222222222222222222222222222222222222222333333333333333333
322222222222222222222222222222222222222222222222222222222222222222222522222222222222222222222222262222333333333333333333
322222222222222222222222222222222222222242222222222222222222222222222222222222222222222222222222222222333333333333333333
322222222225222222222222222222222222222222222222222222222222222222222222222222222222222222222222222222333333333333333333
322222222222222222222222222222222222222222222222222222222222222222222222222222222222222222222222222222333333333333333333
322222222222222222222222222222222222222222222222222222222222222222222222222222222222222222222222222222333333333333333333
322222222222222222222222222222222222222222222222222222222222222222222222222222222222222222222222222222333333333333333333
322222222222222222222222222222222222222222222222222222222222222222222222222222222222222222222222222222333333333333333333
322222222222222222222222222222222222222222222222222222222222222222212222222222222222222222222222222222333333333333333333
322222222222222222222222222222222222222222222222222222222222222222111222222222222222522222222222222222333333333333333333
322222222222222222222222222222222222222222222222222222222222222221111122222222222222222222222222222222333333333333333333
322222222222222222222222222222222222222222222222222222222222222211111112222222222222222222222222222222333333333333333333
322222222222222222222222222222222222222222222222222222222222222111111111222222222222222222222222222222333333333333333333
322222222222222222262222222222222222222222222222222222222222221111111111122222222222222222222222222222333333333333333333
322222222222222222222222222222222222222222222222222222222222211111111111112222222222222222222222222222333333333333333333
322222222222222222222222222222222222222222222262222222222222221111111111122222222222222222222222222222333333333333333333
322222222222222222222222222222222222222222222222222222222222222111111111222222222222222222222222222222333333333333333333
322222222222222222222222222222222222222222222222222222222222222211111112222222222222222222222222222222333333333333333333
322222222222222222222222222222222222222222222222222222222222222221111122222222222222222222222222222222333333333333333333
322222222222222222222222222222222222222222222222222222222222222222111222222222222222222222222222222222333333333333333333
322222222222422222222222222222222222222222222222222222222222222222212222222222222222222222222222222222333333333333333333
322222222222222222222222222222222222222222222522222222222222222222222222222222222222222222222222222222333333333333333333
322222222222222222222222222222222222222222222222222222222222222222222222222222222222222222222422222222333333333333333333
322222222222222222222222222222222222222222222222222222222222222222222222222222222222222222222222222222333333333333333333
322222222222222222222222222222222222222222222222222222222222222222222222222222222222222222222222222222333333333333333333
322222222222222222222222222222222222222222222222222222222222222222222222222222222222222222222222222222333333333333333333
322722222222222222222222222222222222222222222222222222222222222222222222222222222222222222222622222222333333333333333333
322222222222222222222222222222222222222222222222222222222222222222222222222222222222222222222222222222333333333333333333
333333333333333333333333333333333333333333333333333333333333333333333333333333333333333333333333333333333333333333333333
333333333333333333333333333333333333333333333333333333333333333333333333333333333333333333333333333333333333333333333333
333333333333333333333333333333333333333333333333333333333333333333333333333333333333333333333333333333333333333333333333
333333333333333333333333333333333333333333333333333333333333333333333333333333333333333333333333333333333333333333333333
333333333333333333333333333333333333333333333333333333333333333333333333333333333333333333333333333333333333333333333333
333333333333333333333333333333333333333333333333333333333333333333333333333333333333333333333333333333333333333333333333
333333333333333333333333333333333333333333333333333333333333333333333333333333333333333333333333333333333333333333333333
333333333333333333333333333333333333333333333333333333333333333333333333333333333333333333333333333333333333333333333333
333333333333333333333333333333333333333333333333333333333333333333333333333333333333333333333333333333333333333333333333
333333333333333333333333333333333333333333333333333333333333333333333333333333333333333333333333333333333333333333333333
333333333333333333333333333333333333333333333333333333333333333333333333333333333333333333333333333333333333333333333333
