33333333333333333333333333333333333333333333333333333333333333333333333333333333333333333333333333333333333333333333333333
30000000000000000000000000000000000000000000000000000000000000000000000000000000000000000000000000000033333333333333333333
30000000000000000000000000000000000000000000000000000000000000000000050000000000000000000000000006000033333333333333333333
30000000000000000000000000000000000000004000000000000000000000000000000000000000000000000000000000000033333333333333333333
30000000000500000000000000000000000000000000000000000000000000000000000000000000000000000000000000000033333333333333333333
30000000000000000000000000000000000000000000000000000000000000000000000000000000000000000000000000000033333333333333333333
30000000000000000000000000000000000000000000000000000000000000000000000000000000000000000000000000000033333333333333333333
30000000000000000000000000000000000000000000000000000000000000000000000000000000000000000000000000000033333333333333333333
30000000000000000000000000000000000000000000000000000000000000000000000000000000000000000000000000000033333333333333333333
30000000000000000000000000000000000000000000000000000000000000000000000000000000000000000000000000000033333333333333333333
30000000000000000000000000000000000000000000000000000000000000000000000000000000000050000000000000000033333333333333333333
30000000000000000000000000000000000000000000000000000000000000000000000000000000000000000000000000000033333333333333333333
30000000000000000000000000000000000000000000000000000000000000000000000000000000000000000000000000000033333333333333333333
30000000000000000000000000000000000000000000000000000000000000000000000000000000000000000000000000000033333333333333333333
30000000000000000006000000000000000000000000000000000000000000000000000000000000000000000000000000000033333333333333333333
30000000000000000000000000000000000000000000000000000000000000000000000000000000000000000000000000000033333333333333333333
30000000000000000000000000000000000000000000006000000000000000000000000000000000000000000000000000000033333333333333333333
30000000000000000000000000000000000000000000000000000000000000000000000000000000000000000000000000000033333333333333333333
30000000000000000000000000000000000000000000000000000000000000000000000000000000000000000000000000000033333333333333333333
30000000000000000000000000000000000000000000000000000000000000000000000000000000000000000000000000000033333333333333333333
30000000000000000000000000000000000000000000000000000000000000000000000000000000000000000000000000000033333333333333333333
30000000000040000000000000000000000000000000000000000000000000000000000000000000000000000000000000000033333333333333333333
30000000000000000000000000000000000000000000050000000000000000000000000000000000000000000000000000000033333333333333333333
30000000000000000000000000000000000000000000000000000000000000000000000000000000000000000000040000000033333333333333333333
30000000000000000000000000000000000000000000000000000000000000000000000000000000000000000000000000000033333333333333333333
30000000000000000000000000000000000000000000000000000000000000000000000000000000000000000000000000000033333333333333333333
30000000000000000000000000000000000000000000000000000000000000000000000000000000000000000000000000000033333333333333333333
30070000000000000000000000000000000000000000000000000000000000000000000000000000000000000000060000000033333333333333333333
30000000000000000000000000000000000000000000000000000000000000000000000000000000000000000000000000000033333333333333333333
33333333333333333333333333333333333333333333333333333333333333333333333333333333333333333333333333333333333333333333333333
33333333333333333333333333333333333333333333333333333333333333333333333333333333333333333333333333333333333333333333333333
33333333333333333333333333333333333333333333333333333333333333333333333333333333333333333333333333333333333333333333333333
33333333333333333333333333333333333333333333333333333333333333333333333333333333333333333333333333333333333333333333333333
33333333333333333333333333333333333333333333333333333333333333333333333333333333333333333333333333333333333333333333333333
33333333333333333333333333333333333333333333333333333333333333333333333333333333333333333333333333333333333333333333333333
33333333333333333333333333333333333333333333333333333333333333333333333333333333333333333333333333333333333333333333333333
33333333333333333333333333333333333333333333333333333333333333333333333333333333333333333333333333333333333333333333333333
33333333333333333333333333333333333333333333333333333333333333333333333333333333333333333333333333333333333333333333333333
33333333333333333333333333333333333333333333333333333333333333333333333333333333333333333333333333333333333333333333333333
33333333333333333333333333333333333333333333333333333333333333333333333333333333333333333333333333333333333333333333333333
