333333333333333333333333333333333333333333333333333333333333333333333333333333333333333333333333333333333333333333333333
300000000000000000000000000000000000000000000000000000022222000222000000000000000000000000000000000000333333333333333333
300000000000000000000000000000000000000022222222222222222222202222200502000000000000000000000000060000333333333333333333
300000000000000000000000000000000000000242222222222222222222222222222022202222222222000000000000000000333333333333333333
300000000005000000000000000000000000002222222222222222222222222222222222222222222222200000000000000000333333333333333333
300000000000000000000000000000000000022222222222222222222222222222222222222222222222220000000000000000333333333333333333
300000000000000000000000000000000000222222222222222222222222222222222222222222222222222000000000000000333333333333333333
300000000000000000000001222222222222222222222222222222222222222222222222222222222222222200000000000000333333333333333333
300000000000000000000011122222222222222222222222222222222222222222222222222222222222222222200000000000333333333333333333
300000000000000000000111112222222222222222222222222222222222222222222222222222222222222222220000000000333333333333333333
300000000000000000001111111222222222222222222222222222222222222222222222222222222222522222222000000000333333333333333333
300000000000000000011111111122222222222222222222222222222222222222222222222222222222222222222200000000333333333333333333
300000000000000000111111111112222222222222222222222222222222222222222222222222222222222222222220000000333333333333333333
300000000000000001111111111111222222222222222222222222222222222222222222222222222222222222222222000000333333333333333333
300000000000000000161111111112222222222222222222222222222222222222222222222222222222222222222222200000333333333333333333
300000000000000000011111111122222222222222222222222222222222222222222222222222222222222222222222200000333333333333333333
300000000000000000001111111222222222222222222262222222222222222222222222222222222222222222222222200000333333333333333333
300000000000000000000111112222222222222222222222222222222222222222222222222222222222222222222222200000333333333333333333
300000000000000000000011122222222222222222222222222222222222222222222222222222222222222222222222200000333333333333333333
300000000000000000000001222222222222222222222222222222222222222222222222222222222222222222222222200000333333333333333333
300000000000000000000000000000000002222222222222222222222222222222222222222222222222222222222222220000333333333333333333
300000000000400000000000000000000002222222222222222222222222222222222222222222222222222222222222200000333333333333333333
300000000000000000000000000000000000222222222522222222222222222222222222222222222222222222222222000000333333333333333333
300000000000000000000000000000000000022222222222222222222222222222222222222222222222222222222420000000333333333333333333
300000000000000000000000000000000000002222222222222222222222222200222222222222222222222222222200000000333333333333333333
300000000000000000000000000000000000000222222222222222222222222000022222222222222222222222222000000000333333333333333333
300000000000000000000000000000000000000022222222222222222222220000002222222222222222222222220000000000333333333333333333
300700000000000000000000000000000000000002222222222222222200000000000000000002200000000000000600000000333333333333333333
300000000000000000000000000000000000000000222222222220000000000000000000000000000000000000000000000000333333333333333333
333333333333333333333333333333333333333333333333333333333333333333333333333333333333333333333333333333333333333333333333
333333333333333333333333333333333333333333333333333333333333333333333333333333333333333333333333333333333333333333333333
333333333333333333333333333333333333333333333333333333333333333333333333333333333333333333333333333333333333333333333333
333333333333333333333333333333333333333333333333333333333333333333333333333333333333333333333333333333333333333333333333
333333333333333333333333333333333333333333333333333333333333333333333333333333333333333333333333333333333333333333333333
333333333333333333333333333333333333333333333333333333333333333333333333333333333333333333333333333333333333333333333333
333333333333333333333333333333333333333333333333333333333333333333333333333333333333333333333333333333333333333333333333
333333333333333333333333333333333333333333333333333333333333333333333333333333333333333333333333333333333333333333333333
333333333333333333333333333333333333333333333333333333333333333333333333333333333333333333333333333333333333333333333333
333333333333333333333333333333333333333333333333333333333333333333333333333333333333333333333333333333333333333333333333
333333333333333333333333333333333333333333333333333333333333333333333333333333333333333333333333333333333333333333333333
