0000000000000000000000000000000000000000000000000000000000000000000000000000000000000000000000000000000000000000000
0000000000000000000000000000000000000000000000000000000000000000000000000000000000000000000000000000000000000000000
0000000001111111111110000000011111111111000000000001000000000000010000000100000000000100000000000000000000000000000000000000000000000000000000
0000000001000000000001000000010000000000100000000001000000000000010000000100000000000100000000000000000000000000000000000000
0000000001000000000000100000010000000000010000000001000000000000010000000100000000000100000000000000000000000000000000000000
0000000001000000000000010000010000000000010000000001000000000000010000000100000000000100000000000000000000000000000000000000
0000000001000000000000010000010000000000100000000001000000000000010000000100000000000100000000000000000000000000000000000000
0000000001000000000000100000010000000001000000000001000000000000010000000100000000000100000000000000000000000000000000000000
000000000100000000000100000001111111110000000000000100000000000001000000010000000000010000000000000000000000000000000000000
0000000001111111111110000000010000000010000000000001000000000000010000000111111111111100000000000000000000000000000000000000000000000000000000
000000000100000000000100000001000000000100000000000100000000000001000000010000000000010000000000000000000000000000000000000
000000000100000000000010000001000000000010000000000100000000000001000000010000000000010000000000000000000000000000000000000
000000000100000000000001000001000000000001000000000100000000000001000000010000000000010000000000000000000000000000000000000
000000000100000000000001000001000000000000100000000100000000000001000000010000000000010000000000000000000000000000000000000
000000000100000000000010000001000000000000010000000100000000000001000000010000000000010000000000000000000000000000000000000
000000000100000000000100000001000000000000001000000100000000000001000000010000000000010000000000000000000000000000000000000
00000000011111111111100000000100000000000000010000011111111111111100000001000000000001000000000000000000000000000000000000000000000000000000000
0000000000000000000000000000000000000000000000000000000000000000000000000000000000000000000000000000000000000000
0000000000000000000000000000000000000000000000000000000000000000000000000000000000000000000000000000000000000000